0 0 1
1 2 2
0 4 3
1 6 4
3 7 5
4 5 6
3 3 7
1 4 8
0 2 9
1 0 10
2 2 11
3 0 12
4 2 13
5 0 14
3 1 15
4 3 16
5 1 17
7 0 18
6 2 19
7 4 20
6 6 21
5 4 22
7 3 23
6 1 24
4 0 25
3 2 26
2 4 27
3 6 28
4 4 29
5 6 30
4 8 31
3 10 32
2 12 33
3 14 34
4 12 35
5 14 36
7 15 37
6 13 38
5 15 39
7 14 40
6 12 41
5 10 42
7 9 43
6 11 44
7 13 45
6 15 46
5 13 47
4 15 48
3 13 49
2 11 50
1 9 51
0 11 52
1 13 53
0 15 54
2 14 55
0 13 56
1 15 57
2 13 58
0 14 59
2 15 60
4 14 61
3 12 62
5 11 63
7 10 64
6 8 65
4 9 66
2 8 67
0 9 68
1 11 69
2 9 70
0 8 71
1 10 72
0 12 73
1 14 74
3 15 75
4 13 76
3 11 77
1 12 78
0 10 79
1 8 80
2 10 81
3 8 82
4 10 83
5 8 84
3 9 85
4 11 86
5 9 87
7 8 88
6 10 89
7 12 90
6 14 91
5 12 92
7 11 93
6 9 94
7 7 95
6 5 96
5 7 97
7 6 98
6 4 99
5 2 100
7 1 101
6 3 102
7 5 103
6 7 104
5 5 105
4 7 106
3 5 107
2 3 108
1 1 109
0 3 110
1 5 111
0 7 112
2 6 113
0 5 114
1 7 115
2 5 116
0 6 117
2 7 118
4 6 119
3 4 120
5 3 121
7 2 122
6 0 123
4 1 124
2 0 125
0 1 126
1 3 127
2 1 128
